Time Pu238 Pu239 Pu240 Pu241 Pu242
0.3333333333333333 1.23000218868 62.2010495322 19.3552821795 10.3963698646 6.81729623511 
4.833333333333333 1.23000218868 62.2010495322 19.3552821795 10.3963698646 6.81729623511 
9.333333333333334 1.23000218868 62.2010495322 19.3552821795 10.3963698646 6.81729623511 
13.833333333333334 1.23000218868 62.2010495322 19.3552821795 10.3963698646 6.81729623511 
18.333333333333332 1.23000218868 62.2010495322 19.3552821795 10.3963698646 6.81729623511 
22.833333333333332 1.23000218868 62.2010495322 19.3552821795 10.3963698646 6.81729623511 
27.333333333333332 1.22998294037 62.2011471102 19.3552165461 10.3964181066 6.81723529675 
31.833333333333332 1.22970327803 62.2025648393 19.3542629467 10.397119024 6.81634991198 
36.333333333333336 1.22975801743 62.2022873417 19.3544495984 10.3969818307 6.81652321179 
40.833333333333336 1.22959214879 62.2031282014 19.3538840155 10.3973975471 6.8159980872 
45.333333333333336 1.22956454992 62.203268112 19.3537899082 10.3974667181 6.81591071176 
49.833333333333336 1.22955995723 62.2032913944 19.3537742479 10.3974782287 6.81589617174 
54.333333333333336 1.22955919297 62.2032952687 19.353771642 10.3974801442 6.81589375216 
58.833333333333336 1.22955906579 62.2032959135 19.3537712083 10.397480463 6.81589334951 
63.333333333333336 1.22955904462 62.2032960207 19.3537711361 10.397480516 6.81589328251 
67.83333333333333 1.2295590411 62.2032960386 19.3537711241 10.3974805248 6.81589327136 
72.33333333333333 1.22955904052 62.2032960416 19.3537711221 10.3974805263 6.8158932695 
76.83333333333333 1.22955904042 62.2032960421 19.3537711218 10.3974805265 6.81589326919 
81.33333333333333 1.2295590404 62.2032960421 19.3537711217 10.3974805266 6.81589326914 
85.83333333333333 1.2295590404 62.2032960422 19.3537711217 10.3974805266 6.81589326913 
90.33333333333333 1.2295590404 62.2032960422 19.3537711217 10.3974805266 6.81589326913 
94.83333333333333 1.2295590404 62.2032960422 19.3537711217 10.3974805266 6.81589326913 
99.33333333333333 1.2295590404 62.2032960422 19.3537711217 10.3974805266 6.81589326913 
103.83333333333333 1.2295590404 62.2032960422 19.3537711217 10.3974805266 6.81589326913 
108.33333333333333 1.2295590404 62.2032960422 19.3537711217 10.3974805266 6.81589326913 
112.83333333333333 1.2295590404 62.2032960422 19.3537711217 10.3974805266 6.81589326913 
117.33333333333333 1.2295590404 62.2032960422 19.3537711217 10.3974805266 6.81589326913 
121.83333333333333 1.2295590404 62.2032960422 19.3537711217 10.3974805266 6.81589326913 
126.33333333333333 1.2295590404 62.2032960422 19.3537711217 10.3974805266 6.81589326913 
130.83333333333334 1.2295590404 62.2032960422 19.3537711217 10.3974805266 6.81589326913 
135.33333333333334 1.2295590404 62.2032960422 19.3537711217 10.3974805266 6.81589326913 
139.83333333333334 1.2295590404 62.2032960422 19.3537711217 10.3974805266 6.81589326913 
144.33333333333334 1.2295590404 62.2032960422 19.3537711217 10.3974805266 6.81589326913 
148.83333333333334 1.2295590404 62.2032960422 19.3537711217 10.3974805266 6.81589326913 
153.33333333333334 1.2295590404 62.2032960422 19.3537711217 10.3974805266 6.81589326913 
157.83333333333334 1.2295590404 62.2032960422 19.3537711217 10.3974805266 6.81589326913 
162.33333333333334 1.2295590404 62.2032960422 19.3537711217 10.3974805266 6.81589326913 
166.83333333333334 1.2295590404 62.2032960422 19.3537711217 10.3974805266 6.81589326913 
171.33333333333334 1.2295590404 62.2032960422 19.3537711217 10.3974805266 6.81589326913 
175.83333333333334 1.2295590404 62.2032960422 19.3537711217 10.3974805266 6.81589326913 
180.33333333333334 1.2295590404 62.2032960422 19.3537711217 10.3974805266 6.81589326913 
184.83333333333334 1.2295590404 62.2032960422 19.3537711217 10.3974805266 6.81589326913 
189.33333333333334 1.2295590404 62.2032960422 19.3537711217 10.3974805266 6.81589326913 
193.83333333333334 1.2295590404 62.2032960422 19.3537711217 10.3974805266 6.81589326913 
198.33333333333334 1.2295590404 62.2032960422 19.3537711217 10.3974805266 6.81589326913 
202.83333333333334 1.2295590404 62.2032960422 19.3537711217 10.3974805266 6.81589326913 
207.33333333333334 1.2295590404 62.2032960422 19.3537711217 10.3974805266 6.81589326913 
211.83333333333334 1.2295590404 62.2032960422 19.3537711217 10.3974805266 6.81589326913 
216.33333333333334 1.2295590404 62.2032960422 19.3537711217 10.3974805266 6.81589326913 
220.83333333333334 1.2295590404 62.2032960422 19.3537711217 10.3974805266 6.81589326913 
225.33333333333334 1.2295590404 62.2032960422 19.3537711217 10.3974805266 6.81589326913 
229.83333333333334 1.2295590404 62.2032960422 19.3537711217 10.3974805266 6.81589326913 
234.33333333333334 1.2295590404 62.2032960422 19.3537711217 10.3974805266 6.81589326913 
238.83333333333334 1.2295590404 62.2032960422 19.3537711217 10.3974805266 6.81589326913 
243.33333333333334 1.2295590404 62.2032960422 19.3537711217 10.3974805266 6.81589326913 
247.83333333333334 1.2295590404 62.2032960422 19.3537711217 10.3974805266 6.81589326913 
252.33333333333334 1.2295590404 62.2032960422 19.3537711217 10.3974805266 6.81589326913 
256.8333333333333 1.2295590404 62.2032960422 19.3537711217 10.3974805266 6.81589326913 
261.3333333333333 1.2295590404 62.2032960422 19.3537711217 10.3974805266 6.81589326913 
265.8333333333333 1.2295590404 62.2032960422 19.3537711217 10.3974805266 6.81589326913 
270.3333333333333 1.2295590404 62.2032960422 19.3537711217 10.3974805266 6.81589326913 
274.8333333333333 1.2295590404 62.2032960422 19.3537711217 10.3974805266 6.81589326913 
279.3333333333333 1.2295590404 62.2032960422 19.3537711217 10.3974805266 6.81589326913 
283.8333333333333 1.2295590404 62.2032960422 19.3537711217 10.3974805266 6.81589326913 
288.3333333333333 1.2295590404 62.2032960422 19.3537711217 10.3974805266 6.81589326913 
292.8333333333333 1.2295590404 62.2032960422 19.3537711217 10.3974805266 6.81589326913 
297.3333333333333 1.2295590404 62.2032960422 19.3537711217 10.3974805266 6.81589326913 
